2011
1995
2002
2012
2005
2000
2005
1995
2006
2000
2001
2006
1999
2012
2006
2006
1999
2015
2005
1999
2014
1999
1997
1985
1990
1998
2010
1989
1993
1986
2007
2001
1998
1997
1999
2007
2009
1967
2001
1998
2009
1993
1999
2003
2003
1994
1997
1998
1987
2014
1998
2002
2005
2010
2013
2016
1991
2001
2002
2006
1999
2011
2012
2003
1999
2007
2008
1998
2005
2012
2015
1996
2003
2006
1991
2005
2011
1990
1991
1996
2011
2006
1990
2015
2009
2005
1993
2001
2006
1995
1999
2003
1999
2007
2003
2005
2008
1997
1999
1997
1999
1981
2013
1999
2007
2003
2003
1985
1986
2006
2004
2001
2005
2003
2003
2013
2008
2004
2013
2004
1985
2007
2006
1998
2001
1987
1987
1999
1989
2007
2003
2004
2008
2010
1992
1998
2005
2006
2008
2006
2010
2004
1996
1999
1998
2011
2004
1991
2009
1991
1992
1989
2005
2006
1995
2006
2015
1984
1998
2004
2005
2000
2001
1997
1999
2002
1997
2011
2006
2013
2015
2010
2011
2006
1995
2004
2009
1994
2015
2005
2008
2013
1981
1982
1985
1989
1994
1991
1979
1998
2004
1988
1992
1996
1997
1992
2009
1990
2016
1999
1999
1997
2001
1988
2003
2006
2009
2016
2003
2014
2003
2004
2000
2007
2000
2008
2013
2013
2008
1989
1989
2015
2008
2015
2012
2014
2009
2015
2006
2002
1989
2007
2001
1999
1998
2015
2009
2000
2002
2010
1999
1996
1996
2005
2011
2013
2005
2006
1999
2005
2002
